F11,F12,F13,F21,F22,F23,F31,F32,F33,W,
1,0,0,0,1,0,0,0,1,43.455
1.0003,0,0,0,0.99985,0,0,0,0.99985,43.455
1.0006,0,0,0,0.9997,0,0,0,0.9997,43.455
1.0009,0,0,0,0.99955,0,0,0,0.99955,43.455
1.0012,0,0,0,0.9994,0,0,0,0.9994,43.455
1.0015,0,0,0,0.99925,0,0,0,0.99925,43.455
1.0018,0,0,0,0.9991,0,0,0,0.9991,43.455
1.0021,0,0,0,0.99895,0,0,0,0.99895,43.455
1.0024,0,0,0,0.9988,0,0,0,0.9988,43.455
1.0027,0,0,0,0.99865,0,0,0,0.99865,43.455
1.003,0,0,0,0.9985,0,0,0,0.9985,43.456
1.0033,0,0,0,0.99835,0,0,0,0.99835,43.456
1.0036,0,0,0,0.9982,0,0,0,0.9982,43.456
1.0039,0,0,0,0.99806,0,0,0,0.99806,43.456
1.0042,0,0,0,0.99791,0,0,0,0.99791,43.456
1.0045,0,0,0,0.99776,0,0,0,0.99776,43.456
1.0048,0,0,0,0.99761,0,0,0,0.99761,43.456
1.0051,0,0,0,0.99746,0,0,0,0.99746,43.456
1.0054,0,0,0,0.99731,0,0,0,0.99731,43.457
1.0057,0,0,0,0.99716,0,0,0,0.99716,43.457
1.006,0,0,0,0.99701,0,0,0,0.99701,43.457
1.0063,0,0,0,0.99686,0,0,0,0.99686,43.457
1.0066,0,0,0,0.99672,0,0,0,0.99672,43.457
1.0069,0,0,0,0.99657,0,0,0,0.99657,43.458
1.0072,0,0,0,0.99642,0,0,0,0.99642,43.458
1.0075,0,0,0,0.99627,0,0,0,0.99627,43.458
1.0078,0,0,0,0.99612,0,0,0,0.99612,43.458
1.0081,0,0,0,0.99597,0,0,0,0.99597,43.459
1.0084,0,0,0,0.99583,0,0,0,0.99583,43.459
1.0087,0,0,0,0.99568,0,0,0,0.99568,43.459
1.009,0,0,0,0.99553,0,0,0,0.99553,43.459
1.0093,0,0,0,0.99538,0,0,0,0.99538,43.46
1.0096,0,0,0,0.99523,0,0,0,0.99523,43.46
1.0099,0,0,0,0.99509,0,0,0,0.99509,43.46
1.0102,0,0,0,0.99494,0,0,0,0.99494,43.461
1.0105,0,0,0,0.99479,0,0,0,0.99479,43.461
1.0108,0,0,0,0.99464,0,0,0,0.99464,43.461
1.0111,0,0,0,0.9945,0,0,0,0.9945,43.462
1.0114,0,0,0,0.99435,0,0,0,0.99435,43.462
1.0117,0,0,0,0.9942,0,0,0,0.9942,43.462
1.012,0,0,0,0.99405,0,0,0,0.99405,43.463
1.0123,0,0,0,0.99391,0,0,0,0.99391,43.463
1.0126,0,0,0,0.99376,0,0,0,0.99376,43.464
1.0129,0,0,0,0.99361,0,0,0,0.99361,43.464
1.0132,0,0,0,0.99346,0,0,0,0.99346,43.464
1.0135,0,0,0,0.99332,0,0,0,0.99332,43.465
1.0138,0,0,0,0.99317,0,0,0,0.99317,43.465
1.0141,0,0,0,0.99302,0,0,0,0.99302,43.466
1.0144,0,0,0,0.99288,0,0,0,0.99288,43.466
1.0147,0,0,0,0.99273,0,0,0,0.99273,43.467
1.015,0,0,0,0.99258,0,0,0,0.99258,43.467
1.0153,0,0,0,0.99244,0,0,0,0.99244,43.468
1.0156,0,0,0,0.99229,0,0,0,0.99229,43.468
1.0159,0,0,0,0.99214,0,0,0,0.99214,43.469
1.0162,0,0,0,0.992,0,0,0,0.992,43.469
1.0165,0,0,0,0.99185,0,0,0,0.99185,43.47
1.0168,0,0,0,0.9917,0,0,0,0.9917,43.47
1.0171,0,0,0,0.99156,0,0,0,0.99156,43.471
1.0174,0,0,0,0.99141,0,0,0,0.99141,43.471
1.0177,0,0,0,0.99127,0,0,0,0.99127,43.472
1.018,0,0,0,0.99112,0,0,0,0.99112,43.472
1.0183,0,0,0,0.99097,0,0,0,0.99097,43.473
1.0186,0,0,0,0.99083,0,0,0,0.99083,43.474
1.0189,0,0,0,0.99068,0,0,0,0.99068,43.474
1.0192,0,0,0,0.99054,0,0,0,0.99054,43.475
1.0195,0,0,0,0.99039,0,0,0,0.99039,43.475
1.0198,0,0,0,0.99024,0,0,0,0.99024,43.476
1.0201,0,0,0,0.9901,0,0,0,0.9901,43.477
1.0204,0,0,0,0.98995,0,0,0,0.98995,43.477
1.0207,0,0,0,0.98981,0,0,0,0.98981,43.478
1.021,0,0,0,0.98966,0,0,0,0.98966,43.479
1.0213,0,0,0,0.98952,0,0,0,0.98952,43.479
1.0216,0,0,0,0.98937,0,0,0,0.98937,43.48
1.0219,0,0,0,0.98923,0,0,0,0.98923,43.481
1.0222,0,0,0,0.98908,0,0,0,0.98908,43.482
1.0225,0,0,0,0.98894,0,0,0,0.98894,43.482
1.0228,0,0,0,0.98879,0,0,0,0.98879,43.483
1.0231,0,0,0,0.98865,0,0,0,0.98865,43.484
1.0234,0,0,0,0.9885,0,0,0,0.9885,43.484
1.0237,0,0,0,0.98836,0,0,0,0.98836,43.485
1.024,0,0,0,0.98821,0,0,0,0.98821,43.486
1.0243,0,0,0,0.98807,0,0,0,0.98807,43.487
1.0246,0,0,0,0.98792,0,0,0,0.98792,43.488
1.0249,0,0,0,0.98778,0,0,0,0.98778,43.488
1.0252,0,0,0,0.98763,0,0,0,0.98763,43.489
1.0255,0,0,0,0.98749,0,0,0,0.98749,43.49
1.0258,0,0,0,0.98734,0,0,0,0.98734,43.491
1.0261,0,0,0,0.9872,0,0,0,0.9872,43.492
1.0264,0,0,0,0.98706,0,0,0,0.98706,43.493
1.0267,0,0,0,0.98691,0,0,0,0.98691,43.493
1.027,0,0,0,0.98677,0,0,0,0.98677,43.494
1.0273,0,0,0,0.98662,0,0,0,0.98662,43.495
1.0276,0,0,0,0.98648,0,0,0,0.98648,43.496
1.0279,0,0,0,0.98634,0,0,0,0.98634,43.497
1.0282,0,0,0,0.98619,0,0,0,0.98619,43.498
1.0285,0,0,0,0.98605,0,0,0,0.98605,43.499
1.0288,0,0,0,0.9859,0,0,0,0.9859,43.5
1.0291,0,0,0,0.98576,0,0,0,0.98576,43.501
1.0294,0,0,0,0.98562,0,0,0,0.98562,43.502
1.0297,0,0,0,0.98547,0,0,0,0.98547,43.503
1.03,0,0,0,0.98533,0,0,0,0.98533,43.503
1.0303,0,0,0,0.98519,0,0,0,0.98519,43.504
1.0306,0,0,0,0.98504,0,0,0,0.98504,43.505
1.0309,0,0,0,0.9849,0,0,0,0.9849,43.506
1.0312,0,0,0,0.98476,0,0,0,0.98476,43.507
1.0315,0,0,0,0.98461,0,0,0,0.98461,43.508
1.0318,0,0,0,0.98447,0,0,0,0.98447,43.509
1.0321,0,0,0,0.98433,0,0,0,0.98433,43.511
1.0324,0,0,0,0.98418,0,0,0,0.98418,43.512
1.0327,0,0,0,0.98404,0,0,0,0.98404,43.513
1.033,0,0,0,0.9839,0,0,0,0.9839,43.514
1.0333,0,0,0,0.98375,0,0,0,0.98375,43.515
1.0336,0,0,0,0.98361,0,0,0,0.98361,43.516
1.0339,0,0,0,0.98347,0,0,0,0.98347,43.517
1.0342,0,0,0,0.98333,0,0,0,0.98333,43.518
1.0345,0,0,0,0.98318,0,0,0,0.98318,43.519
1.0348,0,0,0,0.98304,0,0,0,0.98304,43.52
1.0351,0,0,0,0.9829,0,0,0,0.9829,43.521
1.0354,0,0,0,0.98276,0,0,0,0.98276,43.523
1.0357,0,0,0,0.98261,0,0,0,0.98261,43.524
1.036,0,0,0,0.98247,0,0,0,0.98247,43.525
1.0363,0,0,0,0.98233,0,0,0,0.98233,43.526
1.0366,0,0,0,0.98219,0,0,0,0.98219,43.527
1.0369,0,0,0,0.98205,0,0,0,0.98205,43.528
1.0372,0,0,0,0.9819,0,0,0,0.9819,43.53
1.0375,0,0,0,0.98176,0,0,0,0.98176,43.531
1.0378,0,0,0,0.98162,0,0,0,0.98162,43.532
1.0381,0,0,0,0.98148,0,0,0,0.98148,43.533
1.0384,0,0,0,0.98134,0,0,0,0.98134,43.535
1.0387,0,0,0,0.98119,0,0,0,0.98119,43.536
1.039,0,0,0,0.98105,0,0,0,0.98105,43.537
1.0393,0,0,0,0.98091,0,0,0,0.98091,43.538
1.0396,0,0,0,0.98077,0,0,0,0.98077,43.54
1.0399,0,0,0,0.98063,0,0,0,0.98063,43.541
1.0402,0,0,0,0.98049,0,0,0,0.98049,43.542
1.0405,0,0,0,0.98035,0,0,0,0.98035,43.544
1.0408,0,0,0,0.9802,0,0,0,0.9802,43.545
1.0411,0,0,0,0.98006,0,0,0,0.98006,43.546
1.0414,0,0,0,0.97992,0,0,0,0.97992,43.548
1.0417,0,0,0,0.97978,0,0,0,0.97978,43.549
1.042,0,0,0,0.97964,0,0,0,0.97964,43.55
1.0423,0,0,0,0.9795,0,0,0,0.9795,43.552
1.0426,0,0,0,0.97936,0,0,0,0.97936,43.553
1.0429,0,0,0,0.97922,0,0,0,0.97922,43.555
1.0432,0,0,0,0.97908,0,0,0,0.97908,43.556
1.0435,0,0,0,0.97893,0,0,0,0.97893,43.557
1.0438,0,0,0,0.97879,0,0,0,0.97879,43.559
1.0441,0,0,0,0.97865,0,0,0,0.97865,43.56
1.0444,0,0,0,0.97851,0,0,0,0.97851,43.562
1.0447,0,0,0,0.97837,0,0,0,0.97837,43.563
1.045,0,0,0,0.97823,0,0,0,0.97823,43.565
1.0453,0,0,0,0.97809,0,0,0,0.97809,43.566
1.0456,0,0,0,0.97795,0,0,0,0.97795,43.568
1.0459,0,0,0,0.97781,0,0,0,0.97781,43.569
1.0462,0,0,0,0.97767,0,0,0,0.97767,43.571
1.0465,0,0,0,0.97753,0,0,0,0.97753,43.572
1.0468,0,0,0,0.97739,0,0,0,0.97739,43.574
1.0471,0,0,0,0.97725,0,0,0,0.97725,43.575
1.0474,0,0,0,0.97711,0,0,0,0.97711,43.577
1.0477,0,0,0,0.97697,0,0,0,0.97697,43.578
1.048,0,0,0,0.97683,0,0,0,0.97683,43.58
1.0483,0,0,0,0.97669,0,0,0,0.97669,43.581
1.0486,0,0,0,0.97655,0,0,0,0.97655,43.583
1.0489,0,0,0,0.97641,0,0,0,0.97641,43.585
1.0492,0,0,0,0.97627,0,0,0,0.97627,43.586
1.0495,0,0,0,0.97613,0,0,0,0.97613,43.588
1.0498,0,0,0,0.97599,0,0,0,0.97599,43.59
1.0501,0,0,0,0.97585,0,0,0,0.97585,43.591
1.0504,0,0,0,0.97571,0,0,0,0.97571,43.593
1.0507,0,0,0,0.97557,0,0,0,0.97557,43.594
1.051,0,0,0,0.97544,0,0,0,0.97544,43.596
1.0513,0,0,0,0.9753,0,0,0,0.9753,43.598
1.0516,0,0,0,0.97516,0,0,0,0.97516,43.6
1.0519,0,0,0,0.97502,0,0,0,0.97502,43.601
1.0522,0,0,0,0.97488,0,0,0,0.97488,43.603
1.0525,0,0,0,0.97474,0,0,0,0.97474,43.605
1.0528,0,0,0,0.9746,0,0,0,0.9746,43.606
1.0531,0,0,0,0.97446,0,0,0,0.97446,43.608
1.0534,0,0,0,0.97432,0,0,0,0.97432,43.61
1.0537,0,0,0,0.97419,0,0,0,0.97419,43.612
1.054,0,0,0,0.97405,0,0,0,0.97405,43.614
1.0543,0,0,0,0.97391,0,0,0,0.97391,43.615
1.0546,0,0,0,0.97377,0,0,0,0.97377,43.617
1.0549,0,0,0,0.97363,0,0,0,0.97363,43.619
1.0552,0,0,0,0.97349,0,0,0,0.97349,43.621
1.0555,0,0,0,0.97335,0,0,0,0.97335,43.623
1.0558,0,0,0,0.97322,0,0,0,0.97322,43.624
1.0561,0,0,0,0.97308,0,0,0,0.97308,43.626
1.0564,0,0,0,0.97294,0,0,0,0.97294,43.628
1.0567,0,0,0,0.9728,0,0,0,0.9728,43.63
1.057,0,0,0,0.97266,0,0,0,0.97266,43.632
1.0573,0,0,0,0.97253,0,0,0,0.97253,43.634
1.0576,0,0,0,0.97239,0,0,0,0.97239,43.636
1.0579,0,0,0,0.97225,0,0,0,0.97225,43.638
1.0582,0,0,0,0.97211,0,0,0,0.97211,43.64
1.0585,0,0,0,0.97197,0,0,0,0.97197,43.642
1.0588,0,0,0,0.97184,0,0,0,0.97184,43.643
1.0591,0,0,0,0.9717,0,0,0,0.9717,43.645
1.0594,0,0,0,0.97156,0,0,0,0.97156,43.647
1.0597,0,0,0,0.97142,0,0,0,0.97142,43.649
1.06,0,0,0,0.97129,0,0,0,0.97129,43.651
1.0603,0,0,0,0.97115,0,0,0,0.97115,43.653
1.0606,0,0,0,0.97101,0,0,0,0.97101,43.655
1.0609,0,0,0,0.97087,0,0,0,0.97087,43.657
1.0612,0,0,0,0.97074,0,0,0,0.97074,43.66
1.0615,0,0,0,0.9706,0,0,0,0.9706,43.662
1.0618,0,0,0,0.97046,0,0,0,0.97046,43.664
1.0621,0,0,0,0.97033,0,0,0,0.97033,43.666
1.0624,0,0,0,0.97019,0,0,0,0.97019,43.668
1.0627,0,0,0,0.97005,0,0,0,0.97005,43.67
1.063,0,0,0,0.96991,0,0,0,0.96991,43.672
1.0633,0,0,0,0.96978,0,0,0,0.96978,43.674
1.0636,0,0,0,0.96964,0,0,0,0.96964,43.676
1.0639,0,0,0,0.9695,0,0,0,0.9695,43.678
1.0642,0,0,0,0.96937,0,0,0,0.96937,43.681
1.0645,0,0,0,0.96923,0,0,0,0.96923,43.683
1.0648,0,0,0,0.96909,0,0,0,0.96909,43.685
1.0651,0,0,0,0.96896,0,0,0,0.96896,43.687
1.0654,0,0,0,0.96882,0,0,0,0.96882,43.689
1.0657,0,0,0,0.96868,0,0,0,0.96868,43.691
1.066,0,0,0,0.96855,0,0,0,0.96855,43.694
1.0663,0,0,0,0.96841,0,0,0,0.96841,43.696
1.0666,0,0,0,0.96828,0,0,0,0.96828,43.698
1.0669,0,0,0,0.96814,0,0,0,0.96814,43.7
1.0672,0,0,0,0.968,0,0,0,0.968,43.703
1.0675,0,0,0,0.96787,0,0,0,0.96787,43.705
1.0678,0,0,0,0.96773,0,0,0,0.96773,43.707
1.0681,0,0,0,0.9676,0,0,0,0.9676,43.709
1.0684,0,0,0,0.96746,0,0,0,0.96746,43.712
1.0687,0,0,0,0.96732,0,0,0,0.96732,43.714
1.069,0,0,0,0.96719,0,0,0,0.96719,43.716
1.0693,0,0,0,0.96705,0,0,0,0.96705,43.719
1.0696,0,0,0,0.96692,0,0,0,0.96692,43.721
1.0699,0,0,0,0.96678,0,0,0,0.96678,43.723
1.0702,0,0,0,0.96665,0,0,0,0.96665,43.726
1.0705,0,0,0,0.96651,0,0,0,0.96651,43.728
1.0708,0,0,0,0.96638,0,0,0,0.96638,43.731
1.0711,0,0,0,0.96624,0,0,0,0.96624,43.733
1.0714,0,0,0,0.9661,0,0,0,0.9661,43.735
1.0717,0,0,0,0.96597,0,0,0,0.96597,43.738
1.072,0,0,0,0.96583,0,0,0,0.96583,43.74
1.0723,0,0,0,0.9657,0,0,0,0.9657,43.743
1.0726,0,0,0,0.96556,0,0,0,0.96556,43.745
1.0729,0,0,0,0.96543,0,0,0,0.96543,43.748
1.0732,0,0,0,0.96529,0,0,0,0.96529,43.75
1.0735,0,0,0,0.96516,0,0,0,0.96516,43.753
1.0738,0,0,0,0.96502,0,0,0,0.96502,43.755
1.0741,0,0,0,0.96489,0,0,0,0.96489,43.758
1.0744,0,0,0,0.96475,0,0,0,0.96475,43.76
1.0747,0,0,0,0.96462,0,0,0,0.96462,43.763
1.075,0,0,0,0.96449,0,0,0,0.96449,43.765
1.0753,0,0,0,0.96435,0,0,0,0.96435,43.768
1.0756,0,0,0,0.96422,0,0,0,0.96422,43.771
1.0759,0,0,0,0.96408,0,0,0,0.96408,43.773
1.0762,0,0,0,0.96395,0,0,0,0.96395,43.776
1.0765,0,0,0,0.96381,0,0,0,0.96381,43.778
1.0768,0,0,0,0.96368,0,0,0,0.96368,43.781
1.0771,0,0,0,0.96354,0,0,0,0.96354,43.784
1.0774,0,0,0,0.96341,0,0,0,0.96341,43.786
1.0777,0,0,0,0.96328,0,0,0,0.96328,43.789
1.078,0,0,0,0.96314,0,0,0,0.96314,43.792
1.0783,0,0,0,0.96301,0,0,0,0.96301,43.794
1.0786,0,0,0,0.96287,0,0,0,0.96287,43.797
1.0789,0,0,0,0.96274,0,0,0,0.96274,43.8
1.0792,0,0,0,0.96261,0,0,0,0.96261,43.802
1.0795,0,0,0,0.96247,0,0,0,0.96247,43.805
1.0798,0,0,0,0.96234,0,0,0,0.96234,43.808
1.0801,0,0,0,0.96221,0,0,0,0.96221,43.811
1.0804,0,0,0,0.96207,0,0,0,0.96207,43.814
1.0807,0,0,0,0.96194,0,0,0,0.96194,43.816
1.081,0,0,0,0.96181,0,0,0,0.96181,43.819
1.0813,0,0,0,0.96167,0,0,0,0.96167,43.822
1.0816,0,0,0,0.96154,0,0,0,0.96154,43.825
1.0819,0,0,0,0.96141,0,0,0,0.96141,43.828
1.0822,0,0,0,0.96127,0,0,0,0.96127,43.83
1.0825,0,0,0,0.96114,0,0,0,0.96114,43.833
1.0828,0,0,0,0.96101,0,0,0,0.96101,43.836
1.0831,0,0,0,0.96087,0,0,0,0.96087,43.839
1.0834,0,0,0,0.96074,0,0,0,0.96074,43.842
1.0837,0,0,0,0.96061,0,0,0,0.96061,43.845
1.084,0,0,0,0.96047,0,0,0,0.96047,43.848
1.0843,0,0,0,0.96034,0,0,0,0.96034,43.851
1.0846,0,0,0,0.96021,0,0,0,0.96021,43.854
1.0849,0,0,0,0.96007,0,0,0,0.96007,43.857
1.0852,0,0,0,0.95994,0,0,0,0.95994,43.86
1.0855,0,0,0,0.95981,0,0,0,0.95981,43.863
1.0858,0,0,0,0.95968,0,0,0,0.95968,43.866
1.0861,0,0,0,0.95954,0,0,0,0.95954,43.869
1.0864,0,0,0,0.95941,0,0,0,0.95941,43.872
1.0867,0,0,0,0.95928,0,0,0,0.95928,43.875
1.087,0,0,0,0.95915,0,0,0,0.95915,43.878
1.0873,0,0,0,0.95901,0,0,0,0.95901,43.881
1.0876,0,0,0,0.95888,0,0,0,0.95888,43.884
1.0879,0,0,0,0.95875,0,0,0,0.95875,43.887
1.0882,0,0,0,0.95862,0,0,0,0.95862,43.89
1.0885,0,0,0,0.95849,0,0,0,0.95849,43.893
1.0888,0,0,0,0.95835,0,0,0,0.95835,43.896
1.0891,0,0,0,0.95822,0,0,0,0.95822,43.899
1.0894,0,0,0,0.95809,0,0,0,0.95809,43.902
1.0897,0,0,0,0.95796,0,0,0,0.95796,43.906
1.09,0,0,0,0.95783,0,0,0,0.95783,43.909
1.0903,0,0,0,0.95769,0,0,0,0.95769,43.912
1.0906,0,0,0,0.95756,0,0,0,0.95756,43.915
1.0909,0,0,0,0.95743,0,0,0,0.95743,43.918
1.0912,0,0,0,0.9573,0,0,0,0.9573,43.922
1.0915,0,0,0,0.95717,0,0,0,0.95717,43.925
1.0918,0,0,0,0.95704,0,0,0,0.95704,43.928
1.0921,0,0,0,0.9569,0,0,0,0.9569,43.931
1.0924,0,0,0,0.95677,0,0,0,0.95677,43.935
1.0927,0,0,0,0.95664,0,0,0,0.95664,43.938
1.093,0,0,0,0.95651,0,0,0,0.95651,43.941
1.0933,0,0,0,0.95638,0,0,0,0.95638,43.945
1.0936,0,0,0,0.95625,0,0,0,0.95625,43.948
1.0939,0,0,0,0.95612,0,0,0,0.95612,43.951
1.0942,0,0,0,0.95599,0,0,0,0.95599,43.955
1.0945,0,0,0,0.95586,0,0,0,0.95586,43.958
1.0948,0,0,0,0.95572,0,0,0,0.95572,43.961
1.0951,0,0,0,0.95559,0,0,0,0.95559,43.965
1.0954,0,0,0,0.95546,0,0,0,0.95546,43.968
1.0957,0,0,0,0.95533,0,0,0,0.95533,43.972
1.096,0,0,0,0.9552,0,0,0,0.9552,43.975
1.0963,0,0,0,0.95507,0,0,0,0.95507,43.978
1.0966,0,0,0,0.95494,0,0,0,0.95494,43.982
1.0969,0,0,0,0.95481,0,0,0,0.95481,43.985
1.0972,0,0,0,0.95468,0,0,0,0.95468,43.989
1.0975,0,0,0,0.95455,0,0,0,0.95455,43.992
1.0978,0,0,0,0.95442,0,0,0,0.95442,43.996
1.0981,0,0,0,0.95429,0,0,0,0.95429,43.999
1.0984,0,0,0,0.95416,0,0,0,0.95416,44.003
1.0987,0,0,0,0.95403,0,0,0,0.95403,44.007
1.099,0,0,0,0.9539,0,0,0,0.9539,44.01
1.0993,0,0,0,0.95377,0,0,0,0.95377,44.014
1.0996,0,0,0,0.95364,0,0,0,0.95364,44.017
1.0999,0,0,0,0.95351,0,0,0,0.95351,44.021
1.1002,0,0,0,0.95338,0,0,0,0.95338,44.025
1.1005,0,0,0,0.95325,0,0,0,0.95325,44.028
1.1008,0,0,0,0.95312,0,0,0,0.95312,44.032
1.1011,0,0,0,0.95299,0,0,0,0.95299,44.035
1.1014,0,0,0,0.95286,0,0,0,0.95286,44.039
1.1017,0,0,0,0.95273,0,0,0,0.95273,44.043
1.102,0,0,0,0.9526,0,0,0,0.9526,44.047
1.1023,0,0,0,0.95247,0,0,0,0.95247,44.05
1.1026,0,0,0,0.95234,0,0,0,0.95234,44.054
1.1029,0,0,0,0.95221,0,0,0,0.95221,44.058
1.1032,0,0,0,0.95208,0,0,0,0.95208,44.062
1.1035,0,0,0,0.95195,0,0,0,0.95195,44.065
1.1038,0,0,0,0.95182,0,0,0,0.95182,44.069
1.1041,0,0,0,0.95169,0,0,0,0.95169,44.073
1.1044,0,0,0,0.95156,0,0,0,0.95156,44.077
1.1047,0,0,0,0.95143,0,0,0,0.95143,44.081
1.105,0,0,0,0.9513,0,0,0,0.9513,44.084
1.1053,0,0,0,0.95117,0,0,0,0.95117,44.088
1.1056,0,0,0,0.95104,0,0,0,0.95104,44.092
1.1059,0,0,0,0.95092,0,0,0,0.95092,44.096
1.1062,0,0,0,0.95079,0,0,0,0.95079,44.1
1.1065,0,0,0,0.95066,0,0,0,0.95066,44.104
1.1068,0,0,0,0.95053,0,0,0,0.95053,44.108
1.1071,0,0,0,0.9504,0,0,0,0.9504,44.112
1.1074,0,0,0,0.95027,0,0,0,0.95027,44.116
1.1077,0,0,0,0.95014,0,0,0,0.95014,44.12
1.108,0,0,0,0.95001,0,0,0,0.95001,44.124
1.1083,0,0,0,0.94989,0,0,0,0.94989,44.128
1.1086,0,0,0,0.94976,0,0,0,0.94976,44.132
1.1089,0,0,0,0.94963,0,0,0,0.94963,44.136
1.1092,0,0,0,0.9495,0,0,0,0.9495,44.14
1.1095,0,0,0,0.94937,0,0,0,0.94937,44.144
1.1098,0,0,0,0.94924,0,0,0,0.94924,44.148
1.1101,0,0,0,0.94912,0,0,0,0.94912,44.152
1.1104,0,0,0,0.94899,0,0,0,0.94899,44.156
1.1107,0,0,0,0.94886,0,0,0,0.94886,44.161
1.111,0,0,0,0.94873,0,0,0,0.94873,44.165
1.1113,0,0,0,0.9486,0,0,0,0.9486,44.169
1.1116,0,0,0,0.94847,0,0,0,0.94847,44.173
1.1119,0,0,0,0.94835,0,0,0,0.94835,44.177
1.1122,0,0,0,0.94822,0,0,0,0.94822,44.181
1.1125,0,0,0,0.94809,0,0,0,0.94809,44.186
1.1128,0,0,0,0.94796,0,0,0,0.94796,44.19
1.1131,0,0,0,0.94784,0,0,0,0.94784,44.194
1.1134,0,0,0,0.94771,0,0,0,0.94771,44.198
1.1137,0,0,0,0.94758,0,0,0,0.94758,44.203
1.114,0,0,0,0.94745,0,0,0,0.94745,44.207
1.1143,0,0,0,0.94732,0,0,0,0.94732,44.211
1.1146,0,0,0,0.9472,0,0,0,0.9472,44.216
1.1149,0,0,0,0.94707,0,0,0,0.94707,44.22
1.1152,0,0,0,0.94694,0,0,0,0.94694,44.224
1.1155,0,0,0,0.94682,0,0,0,0.94682,44.229
1.1158,0,0,0,0.94669,0,0,0,0.94669,44.233
1.1161,0,0,0,0.94656,0,0,0,0.94656,44.238
1.1164,0,0,0,0.94643,0,0,0,0.94643,44.242
1.1167,0,0,0,0.94631,0,0,0,0.94631,44.247
1.117,0,0,0,0.94618,0,0,0,0.94618,44.251
1.1173,0,0,0,0.94605,0,0,0,0.94605,44.255
1.1176,0,0,0,0.94593,0,0,0,0.94593,44.26
1.1179,0,0,0,0.9458,0,0,0,0.9458,44.264
1.1182,0,0,0,0.94567,0,0,0,0.94567,44.269
1.1185,0,0,0,0.94554,0,0,0,0.94554,44.274
1.1188,0,0,0,0.94542,0,0,0,0.94542,44.278
1.1191,0,0,0,0.94529,0,0,0,0.94529,44.283
1.1194,0,0,0,0.94516,0,0,0,0.94516,44.287
1.1197,0,0,0,0.94504,0,0,0,0.94504,44.292
1.12,0,0,0,0.94491,0,0,0,0.94491,44.297
1.1203,0,0,0,0.94478,0,0,0,0.94478,44.301
1.1206,0,0,0,0.94466,0,0,0,0.94466,44.306
1.1209,0,0,0,0.94453,0,0,0,0.94453,44.311
1.1212,0,0,0,0.94441,0,0,0,0.94441,44.315
1.1215,0,0,0,0.94428,0,0,0,0.94428,44.32
1.1218,0,0,0,0.94415,0,0,0,0.94415,44.325
1.1221,0,0,0,0.94403,0,0,0,0.94403,44.329
1.1224,0,0,0,0.9439,0,0,0,0.9439,44.334
1.1227,0,0,0,0.94377,0,0,0,0.94377,44.339
1.123,0,0,0,0.94365,0,0,0,0.94365,44.344
1.1233,0,0,0,0.94352,0,0,0,0.94352,44.349
1.1236,0,0,0,0.9434,0,0,0,0.9434,44.353
1.1239,0,0,0,0.94327,0,0,0,0.94327,44.358
1.1242,0,0,0,0.94314,0,0,0,0.94314,44.363
1.1245,0,0,0,0.94302,0,0,0,0.94302,44.368
1.1248,0,0,0,0.94289,0,0,0,0.94289,44.373
1.1251,0,0,0,0.94277,0,0,0,0.94277,44.378
1.1254,0,0,0,0.94264,0,0,0,0.94264,44.383
1.1257,0,0,0,0.94252,0,0,0,0.94252,44.388
1.126,0,0,0,0.94239,0,0,0,0.94239,44.393
1.1263,0,0,0,0.94226,0,0,0,0.94226,44.398
1.1266,0,0,0,0.94214,0,0,0,0.94214,44.403
1.1269,0,0,0,0.94201,0,0,0,0.94201,44.408
1.1272,0,0,0,0.94189,0,0,0,0.94189,44.413
1.1275,0,0,0,0.94176,0,0,0,0.94176,44.418
1.1278,0,0,0,0.94164,0,0,0,0.94164,44.423
1.1281,0,0,0,0.94151,0,0,0,0.94151,44.428
1.1284,0,0,0,0.94139,0,0,0,0.94139,44.433
1.1287,0,0,0,0.94126,0,0,0,0.94126,44.438
1.129,0,0,0,0.94114,0,0,0,0.94114,44.443
1.1293,0,0,0,0.94101,0,0,0,0.94101,44.449
1.1296,0,0,0,0.94089,0,0,0,0.94089,44.454
1.1299,0,0,0,0.94076,0,0,0,0.94076,44.459
1.1302,0,0,0,0.94064,0,0,0,0.94064,44.464
1.1305,0,0,0,0.94051,0,0,0,0.94051,44.469
1.1308,0,0,0,0.94039,0,0,0,0.94039,44.475
1.1311,0,0,0,0.94026,0,0,0,0.94026,44.48
1.1314,0,0,0,0.94014,0,0,0,0.94014,44.485
1.1317,0,0,0,0.94001,0,0,0,0.94001,44.491
1.132,0,0,0,0.93989,0,0,0,0.93989,44.496
1.1323,0,0,0,0.93976,0,0,0,0.93976,44.501
1.1326,0,0,0,0.93964,0,0,0,0.93964,44.507
1.1329,0,0,0,0.93952,0,0,0,0.93952,44.512
1.1332,0,0,0,0.93939,0,0,0,0.93939,44.518
1.1335,0,0,0,0.93927,0,0,0,0.93927,44.523
1.1338,0,0,0,0.93914,0,0,0,0.93914,44.528
1.1341,0,0,0,0.93902,0,0,0,0.93902,44.534
1.1344,0,0,0,0.93889,0,0,0,0.93889,44.539
1.1347,0,0,0,0.93877,0,0,0,0.93877,44.545
1.135,0,0,0,0.93865,0,0,0,0.93865,44.55
1.1353,0,0,0,0.93852,0,0,0,0.93852,44.556
1.1356,0,0,0,0.9384,0,0,0,0.9384,44.562
1.1359,0,0,0,0.93827,0,0,0,0.93827,44.567
1.1362,0,0,0,0.93815,0,0,0,0.93815,44.573
1.1365,0,0,0,0.93803,0,0,0,0.93803,44.578
1.1368,0,0,0,0.9379,0,0,0,0.9379,44.584
1.1371,0,0,0,0.93778,0,0,0,0.93778,44.59
1.1374,0,0,0,0.93766,0,0,0,0.93766,44.595
1.1377,0,0,0,0.93753,0,0,0,0.93753,44.601
1.138,0,0,0,0.93741,0,0,0,0.93741,44.607
1.1383,0,0,0,0.93728,0,0,0,0.93728,44.613
1.1386,0,0,0,0.93716,0,0,0,0.93716,44.618
1.1389,0,0,0,0.93704,0,0,0,0.93704,44.624
1.1392,0,0,0,0.93691,0,0,0,0.93691,44.63
1.1395,0,0,0,0.93679,0,0,0,0.93679,44.636
1.1398,0,0,0,0.93667,0,0,0,0.93667,44.642
1.1401,0,0,0,0.93654,0,0,0,0.93654,44.648
1.1404,0,0,0,0.93642,0,0,0,0.93642,44.653
1.1407,0,0,0,0.9363,0,0,0,0.9363,44.659
1.141,0,0,0,0.93618,0,0,0,0.93618,44.665
1.1413,0,0,0,0.93605,0,0,0,0.93605,44.671
1.1416,0,0,0,0.93593,0,0,0,0.93593,44.677
1.1419,0,0,0,0.93581,0,0,0,0.93581,44.683
1.1422,0,0,0,0.93568,0,0,0,0.93568,44.689
1.1425,0,0,0,0.93556,0,0,0,0.93556,44.695
1.1428,0,0,0,0.93544,0,0,0,0.93544,44.701
1.1431,0,0,0,0.93531,0,0,0,0.93531,44.707
1.1434,0,0,0,0.93519,0,0,0,0.93519,44.713
1.1437,0,0,0,0.93507,0,0,0,0.93507,44.72
1.144,0,0,0,0.93495,0,0,0,0.93495,44.726
1.1443,0,0,0,0.93482,0,0,0,0.93482,44.732
1.1446,0,0,0,0.9347,0,0,0,0.9347,44.738
1.1449,0,0,0,0.93458,0,0,0,0.93458,44.744
1.1452,0,0,0,0.93446,0,0,0,0.93446,44.751
1.1455,0,0,0,0.93433,0,0,0,0.93433,44.757
1.1458,0,0,0,0.93421,0,0,0,0.93421,44.763
1.1461,0,0,0,0.93409,0,0,0,0.93409,44.769
1.1464,0,0,0,0.93397,0,0,0,0.93397,44.776
1.1467,0,0,0,0.93385,0,0,0,0.93385,44.782
1.147,0,0,0,0.93372,0,0,0,0.93372,44.788
1.1473,0,0,0,0.9336,0,0,0,0.9336,44.795
1.1476,0,0,0,0.93348,0,0,0,0.93348,44.801
1.1479,0,0,0,0.93336,0,0,0,0.93336,44.808
1.1482,0,0,0,0.93324,0,0,0,0.93324,44.814
1.1485,0,0,0,0.93311,0,0,0,0.93311,44.821
1.1488,0,0,0,0.93299,0,0,0,0.93299,44.827
1.1491,0,0,0,0.93287,0,0,0,0.93287,44.834
1.1494,0,0,0,0.93275,0,0,0,0.93275,44.84
1.1497,0,0,0,0.93263,0,0,0,0.93263,44.847
1.15,0,0,0,0.9325,0,0,0,0.9325,44.853
1.1503,0,0,0,0.93238,0,0,0,0.93238,44.86
1.1506,0,0,0,0.93226,0,0,0,0.93226,44.867
1.1509,0,0,0,0.93214,0,0,0,0.93214,44.873
1.1512,0,0,0,0.93202,0,0,0,0.93202,44.88
1.1515,0,0,0,0.9319,0,0,0,0.9319,44.887
1.1518,0,0,0,0.93178,0,0,0,0.93178,44.893
1.1521,0,0,0,0.93165,0,0,0,0.93165,44.9
1.1524,0,0,0,0.93153,0,0,0,0.93153,44.907
1.1527,0,0,0,0.93141,0,0,0,0.93141,44.914
1.153,0,0,0,0.93129,0,0,0,0.93129,44.921
1.1533,0,0,0,0.93117,0,0,0,0.93117,44.927
1.1536,0,0,0,0.93105,0,0,0,0.93105,44.934
1.1539,0,0,0,0.93093,0,0,0,0.93093,44.941
1.1542,0,0,0,0.93081,0,0,0,0.93081,44.948
1.1545,0,0,0,0.93069,0,0,0,0.93069,44.955
1.1548,0,0,0,0.93056,0,0,0,0.93056,44.962
1.1551,0,0,0,0.93044,0,0,0,0.93044,44.969
1.1554,0,0,0,0.93032,0,0,0,0.93032,44.976
1.1557,0,0,0,0.9302,0,0,0,0.9302,44.983
1.156,0,0,0,0.93008,0,0,0,0.93008,44.99
1.1563,0,0,0,0.92996,0,0,0,0.92996,44.997
1.1566,0,0,0,0.92984,0,0,0,0.92984,45.005
1.1569,0,0,0,0.92972,0,0,0,0.92972,45.012
1.1572,0,0,0,0.9296,0,0,0,0.9296,45.019
1.1575,0,0,0,0.92948,0,0,0,0.92948,45.026
1.1578,0,0,0,0.92936,0,0,0,0.92936,45.033
1.1581,0,0,0,0.92924,0,0,0,0.92924,45.041
1.1584,0,0,0,0.92912,0,0,0,0.92912,45.048
1.1587,0,0,0,0.929,0,0,0,0.929,45.055
1.159,0,0,0,0.92888,0,0,0,0.92888,45.063
1.1593,0,0,0,0.92876,0,0,0,0.92876,45.07
1.1596,0,0,0,0.92864,0,0,0,0.92864,45.077
1.1599,0,0,0,0.92852,0,0,0,0.92852,45.085
1.1602,0,0,0,0.9284,0,0,0,0.9284,45.092
1.1605,0,0,0,0.92828,0,0,0,0.92828,45.1
1.1608,0,0,0,0.92816,0,0,0,0.92816,45.107
1.1611,0,0,0,0.92804,0,0,0,0.92804,45.115
1.1614,0,0,0,0.92792,0,0,0,0.92792,45.122
1.1617,0,0,0,0.9278,0,0,0,0.9278,45.13
1.162,0,0,0,0.92768,0,0,0,0.92768,45.137
1.1623,0,0,0,0.92756,0,0,0,0.92756,45.145
1.1626,0,0,0,0.92744,0,0,0,0.92744,45.153
1.1629,0,0,0,0.92732,0,0,0,0.92732,45.16
1.1632,0,0,0,0.9272,0,0,0,0.9272,45.168
1.1635,0,0,0,0.92708,0,0,0,0.92708,45.176
1.1638,0,0,0,0.92696,0,0,0,0.92696,45.184
1.1641,0,0,0,0.92684,0,0,0,0.92684,45.191
1.1644,0,0,0,0.92672,0,0,0,0.92672,45.199
1.1647,0,0,0,0.9266,0,0,0,0.9266,45.207
1.165,0,0,0,0.92648,0,0,0,0.92648,45.215
1.1653,0,0,0,0.92636,0,0,0,0.92636,45.223
1.1656,0,0,0,0.92624,0,0,0,0.92624,45.231
1.1659,0,0,0,0.92612,0,0,0,0.92612,45.239
1.1662,0,0,0,0.92601,0,0,0,0.92601,45.247
1.1665,0,0,0,0.92589,0,0,0,0.92589,45.255
1.1668,0,0,0,0.92577,0,0,0,0.92577,45.263
1.1671,0,0,0,0.92565,0,0,0,0.92565,45.271
1.1674,0,0,0,0.92553,0,0,0,0.92553,45.279
1.1677,0,0,0,0.92541,0,0,0,0.92541,45.287
1.168,0,0,0,0.92529,0,0,0,0.92529,45.295
1.1683,0,0,0,0.92517,0,0,0,0.92517,45.304
1.1686,0,0,0,0.92505,0,0,0,0.92505,45.312
1.1689,0,0,0,0.92494,0,0,0,0.92494,45.32
1.1692,0,0,0,0.92482,0,0,0,0.92482,45.328
1.1695,0,0,0,0.9247,0,0,0,0.9247,45.337
1.1698,0,0,0,0.92458,0,0,0,0.92458,45.345
1.1701,0,0,0,0.92446,0,0,0,0.92446,45.353
1.1704,0,0,0,0.92434,0,0,0,0.92434,45.362
1.1707,0,0,0,0.92422,0,0,0,0.92422,45.37
1.171,0,0,0,0.92411,0,0,0,0.92411,45.379
1.1713,0,0,0,0.92399,0,0,0,0.92399,45.387
1.1716,0,0,0,0.92387,0,0,0,0.92387,45.396
1.1719,0,0,0,0.92375,0,0,0,0.92375,45.404
1.1722,0,0,0,0.92363,0,0,0,0.92363,45.413
1.1725,0,0,0,0.92351,0,0,0,0.92351,45.422
1.1728,0,0,0,0.9234,0,0,0,0.9234,45.43
1.1731,0,0,0,0.92328,0,0,0,0.92328,45.439
1.1734,0,0,0,0.92316,0,0,0,0.92316,45.448
1.1737,0,0,0,0.92304,0,0,0,0.92304,45.457
1.174,0,0,0,0.92292,0,0,0,0.92292,45.465
1.1743,0,0,0,0.92281,0,0,0,0.92281,45.474
1.1746,0,0,0,0.92269,0,0,0,0.92269,45.483
1.1749,0,0,0,0.92257,0,0,0,0.92257,45.492
1.1752,0,0,0,0.92245,0,0,0,0.92245,45.501
1.1755,0,0,0,0.92233,0,0,0,0.92233,45.51
1.1758,0,0,0,0.92222,0,0,0,0.92222,45.519
1.1761,0,0,0,0.9221,0,0,0,0.9221,45.528
1.1764,0,0,0,0.92198,0,0,0,0.92198,45.537
1.1767,0,0,0,0.92186,0,0,0,0.92186,45.546
1.177,0,0,0,0.92175,0,0,0,0.92175,45.555
1.1773,0,0,0,0.92163,0,0,0,0.92163,45.564
1.1776,0,0,0,0.92151,0,0,0,0.92151,45.573
1.1779,0,0,0,0.92139,0,0,0,0.92139,45.583
1.1782,0,0,0,0.92128,0,0,0,0.92128,45.592
1.1785,0,0,0,0.92116,0,0,0,0.92116,45.601
1.1788,0,0,0,0.92104,0,0,0,0.92104,45.611
1.1791,0,0,0,0.92093,0,0,0,0.92093,45.62
1.1794,0,0,0,0.92081,0,0,0,0.92081,45.629
1.1797,0,0,0,0.92069,0,0,0,0.92069,45.639
1.18,0,0,0,0.92057,0,0,0,0.92057,45.648
1.1803,0,0,0,0.92046,0,0,0,0.92046,45.658
1.1806,0,0,0,0.92034,0,0,0,0.92034,45.667
1.1809,0,0,0,0.92022,0,0,0,0.92022,45.677
1.1812,0,0,0,0.92011,0,0,0,0.92011,45.686
1.1815,0,0,0,0.91999,0,0,0,0.91999,45.696
1.1818,0,0,0,0.91987,0,0,0,0.91987,45.706
1.1821,0,0,0,0.91976,0,0,0,0.91976,45.715
1.1824,0,0,0,0.91964,0,0,0,0.91964,45.725
1.1827,0,0,0,0.91952,0,0,0,0.91952,45.735
1.183,0,0,0,0.91941,0,0,0,0.91941,45.745
1.1833,0,0,0,0.91929,0,0,0,0.91929,45.755
1.1836,0,0,0,0.91917,0,0,0,0.91917,45.765
1.1839,0,0,0,0.91906,0,0,0,0.91906,45.775
1.1842,0,0,0,0.91894,0,0,0,0.91894,45.785
1.1845,0,0,0,0.91882,0,0,0,0.91882,45.795
1.1848,0,0,0,0.91871,0,0,0,0.91871,45.805
1.1851,0,0,0,0.91859,0,0,0,0.91859,45.815
1.1854,0,0,0,0.91848,0,0,0,0.91848,45.825
1.1857,0,0,0,0.91836,0,0,0,0.91836,45.835
1.186,0,0,0,0.91824,0,0,0,0.91824,45.845
1.1863,0,0,0,0.91813,0,0,0,0.91813,45.855
1.1866,0,0,0,0.91801,0,0,0,0.91801,45.866
1.1869,0,0,0,0.91789,0,0,0,0.91789,45.876
1.1872,0,0,0,0.91778,0,0,0,0.91778,45.886
1.1875,0,0,0,0.91766,0,0,0,0.91766,45.897
1.1878,0,0,0,0.91755,0,0,0,0.91755,45.907
1.1881,0,0,0,0.91743,0,0,0,0.91743,45.918
1.1884,0,0,0,0.91732,0,0,0,0.91732,45.928
1.1887,0,0,0,0.9172,0,0,0,0.9172,45.939
1.189,0,0,0,0.91708,0,0,0,0.91708,45.949
1.1893,0,0,0,0.91697,0,0,0,0.91697,45.96
1.1896,0,0,0,0.91685,0,0,0,0.91685,45.971
1.1899,0,0,0,0.91674,0,0,0,0.91674,45.982
1.1902,0,0,0,0.91662,0,0,0,0.91662,45.992
1.1905,0,0,0,0.91651,0,0,0,0.91651,46.003
1.1908,0,0,0,0.91639,0,0,0,0.91639,46.014
1.1911,0,0,0,0.91628,0,0,0,0.91628,46.025
1.1914,0,0,0,0.91616,0,0,0,0.91616,46.036
1.1917,0,0,0,0.91604,0,0,0,0.91604,46.047
1.192,0,0,0,0.91593,0,0,0,0.91593,46.058
1.1923,0,0,0,0.91581,0,0,0,0.91581,46.069
1.1926,0,0,0,0.9157,0,0,0,0.9157,46.08
1.1929,0,0,0,0.91558,0,0,0,0.91558,46.091
1.1932,0,0,0,0.91547,0,0,0,0.91547,46.102
1.1935,0,0,0,0.91535,0,0,0,0.91535,46.113
1.1938,0,0,0,0.91524,0,0,0,0.91524,46.125
1.1941,0,0,0,0.91512,0,0,0,0.91512,46.136
1.1944,0,0,0,0.91501,0,0,0,0.91501,46.147
1.1947,0,0,0,0.91489,0,0,0,0.91489,46.159
1.195,0,0,0,0.91478,0,0,0,0.91478,46.17
1.1953,0,0,0,0.91466,0,0,0,0.91466,46.182
1.1956,0,0,0,0.91455,0,0,0,0.91455,46.193
1.1959,0,0,0,0.91443,0,0,0,0.91443,46.205
1.1962,0,0,0,0.91432,0,0,0,0.91432,46.217
1.1965,0,0,0,0.91421,0,0,0,0.91421,46.228
1.1968,0,0,0,0.91409,0,0,0,0.91409,46.24
1.1971,0,0,0,0.91398,0,0,0,0.91398,46.252
1.1974,0,0,0,0.91386,0,0,0,0.91386,46.264
1.1977,0,0,0,0.91375,0,0,0,0.91375,46.275
1.198,0,0,0,0.91363,0,0,0,0.91363,46.287
1.1983,0,0,0,0.91352,0,0,0,0.91352,46.299
1.1986,0,0,0,0.9134,0,0,0,0.9134,46.311
1.1989,0,0,0,0.91329,0,0,0,0.91329,46.323
1.1992,0,0,0,0.91318,0,0,0,0.91318,46.335
1.1995,0,0,0,0.91306,0,0,0,0.91306,46.348
1.1998,0,0,0,0.91295,0,0,0,0.91295,46.36
1.2001,0,0,0,0.91283,0,0,0,0.91283,46.372
1.2004,0,0,0,0.91272,0,0,0,0.91272,46.384
1.2007,0,0,0,0.9126,0,0,0,0.9126,46.397
1.201,0,0,0,0.91249,0,0,0,0.91249,46.409
1.2013,0,0,0,0.91238,0,0,0,0.91238,46.421
1.2016,0,0,0,0.91226,0,0,0,0.91226,46.434
1.2019,0,0,0,0.91215,0,0,0,0.91215,46.446
1.2022,0,0,0,0.91204,0,0,0,0.91204,46.459
1.2025,0,0,0,0.91192,0,0,0,0.91192,46.472
1.2028,0,0,0,0.91181,0,0,0,0.91181,46.484
1.2031,0,0,0,0.91169,0,0,0,0.91169,46.497
1.2034,0,0,0,0.91158,0,0,0,0.91158,46.51
1.2037,0,0,0,0.91147,0,0,0,0.91147,46.523
1.204,0,0,0,0.91135,0,0,0,0.91135,46.536
1.2043,0,0,0,0.91124,0,0,0,0.91124,46.549
1.2046,0,0,0,0.91113,0,0,0,0.91113,46.562
1.2049,0,0,0,0.91101,0,0,0,0.91101,46.575
1.2052,0,0,0,0.9109,0,0,0,0.9109,46.588
1.2055,0,0,0,0.91079,0,0,0,0.91079,46.601
1.2058,0,0,0,0.91067,0,0,0,0.91067,46.614
1.2061,0,0,0,0.91056,0,0,0,0.91056,46.627
1.2064,0,0,0,0.91045,0,0,0,0.91045,46.641
1.2067,0,0,0,0.91033,0,0,0,0.91033,46.654
1.207,0,0,0,0.91022,0,0,0,0.91022,46.667
1.2073,0,0,0,0.91011,0,0,0,0.91011,46.681
1.2076,0,0,0,0.90999,0,0,0,0.90999,46.694
1.2079,0,0,0,0.90988,0,0,0,0.90988,46.708
1.2082,0,0,0,0.90977,0,0,0,0.90977,46.722
1.2085,0,0,0,0.90965,0,0,0,0.90965,46.735
1.2088,0,0,0,0.90954,0,0,0,0.90954,46.749
1.2091,0,0,0,0.90943,0,0,0,0.90943,46.763
1.2094,0,0,0,0.90932,0,0,0,0.90932,46.777
1.2097,0,0,0,0.9092,0,0,0,0.9092,46.791
1.21,0,0,0,0.90909,0,0,0,0.90909,46.805
1.2103,0,0,0,0.90898,0,0,0,0.90898,46.819
1.2106,0,0,0,0.90887,0,0,0,0.90887,46.833
1.2109,0,0,0,0.90875,0,0,0,0.90875,46.847
1.2112,0,0,0,0.90864,0,0,0,0.90864,46.861
1.2115,0,0,0,0.90853,0,0,0,0.90853,46.875
1.2118,0,0,0,0.90842,0,0,0,0.90842,46.89
1.2121,0,0,0,0.9083,0,0,0,0.9083,46.904
1.2124,0,0,0,0.90819,0,0,0,0.90819,46.919
1.2127,0,0,0,0.90808,0,0,0,0.90808,46.933
1.213,0,0,0,0.90797,0,0,0,0.90797,46.948
1.2133,0,0,0,0.90785,0,0,0,0.90785,46.962
1.2136,0,0,0,0.90774,0,0,0,0.90774,46.977
1.2139,0,0,0,0.90763,0,0,0,0.90763,46.992
1.2142,0,0,0,0.90752,0,0,0,0.90752,47.006
1.2145,0,0,0,0.90741,0,0,0,0.90741,47.021
1.2148,0,0,0,0.90729,0,0,0,0.90729,47.036
1.2151,0,0,0,0.90718,0,0,0,0.90718,47.051
1.2154,0,0,0,0.90707,0,0,0,0.90707,47.066
1.2157,0,0,0,0.90696,0,0,0,0.90696,47.081
1.216,0,0,0,0.90685,0,0,0,0.90685,47.097
1.2163,0,0,0,0.90673,0,0,0,0.90673,47.112
1.2166,0,0,0,0.90662,0,0,0,0.90662,47.127
1.2169,0,0,0,0.90651,0,0,0,0.90651,47.143
1.2172,0,0,0,0.9064,0,0,0,0.9064,47.158
1.2175,0,0,0,0.90629,0,0,0,0.90629,47.173
1.2178,0,0,0,0.90617,0,0,0,0.90617,47.189
1.2181,0,0,0,0.90606,0,0,0,0.90606,47.205
1.2184,0,0,0,0.90595,0,0,0,0.90595,47.22
1.2187,0,0,0,0.90584,0,0,0,0.90584,47.236
1.219,0,0,0,0.90573,0,0,0,0.90573,47.252
1.2193,0,0,0,0.90562,0,0,0,0.90562,47.268
1.2196,0,0,0,0.90551,0,0,0,0.90551,47.284
1.2199,0,0,0,0.90539,0,0,0,0.90539,47.3
1.2202,0,0,0,0.90528,0,0,0,0.90528,47.316
1.2205,0,0,0,0.90517,0,0,0,0.90517,47.332
1.2208,0,0,0,0.90506,0,0,0,0.90506,47.348
1.2211,0,0,0,0.90495,0,0,0,0.90495,47.365
1.2214,0,0,0,0.90484,0,0,0,0.90484,47.381
1.2217,0,0,0,0.90473,0,0,0,0.90473,47.397
1.222,0,0,0,0.90462,0,0,0,0.90462,47.414
1.2223,0,0,0,0.90451,0,0,0,0.90451,47.431
1.2226,0,0,0,0.90439,0,0,0,0.90439,47.447
1.2229,0,0,0,0.90428,0,0,0,0.90428,47.464
1.2232,0,0,0,0.90417,0,0,0,0.90417,47.481
1.2235,0,0,0,0.90406,0,0,0,0.90406,47.498
1.2238,0,0,0,0.90395,0,0,0,0.90395,47.515
1.2241,0,0,0,0.90384,0,0,0,0.90384,47.532
1.2244,0,0,0,0.90373,0,0,0,0.90373,47.549
1.2247,0,0,0,0.90362,0,0,0,0.90362,47.566
1.225,0,0,0,0.90351,0,0,0,0.90351,47.583
1.2253,0,0,0,0.9034,0,0,0,0.9034,47.6
1.2256,0,0,0,0.90329,0,0,0,0.90329,47.618
1.2259,0,0,0,0.90318,0,0,0,0.90318,47.635
1.2262,0,0,0,0.90307,0,0,0,0.90307,47.653
1.2265,0,0,0,0.90296,0,0,0,0.90296,47.67
1.2268,0,0,0,0.90284,0,0,0,0.90284,47.688
1.2271,0,0,0,0.90273,0,0,0,0.90273,47.706
1.2274,0,0,0,0.90262,0,0,0,0.90262,47.724
1.2277,0,0,0,0.90251,0,0,0,0.90251,47.742
1.228,0,0,0,0.9024,0,0,0,0.9024,47.76
1.2283,0,0,0,0.90229,0,0,0,0.90229,47.778
1.2286,0,0,0,0.90218,0,0,0,0.90218,47.796
1.2289,0,0,0,0.90207,0,0,0,0.90207,47.814
1.2292,0,0,0,0.90196,0,0,0,0.90196,47.832
1.2295,0,0,0,0.90185,0,0,0,0.90185,47.851
1.2298,0,0,0,0.90174,0,0,0,0.90174,47.869
1.2301,0,0,0,0.90163,0,0,0,0.90163,47.888
1.2304,0,0,0,0.90152,0,0,0,0.90152,47.907
1.2307,0,0,0,0.90141,0,0,0,0.90141,47.925
1.231,0,0,0,0.9013,0,0,0,0.9013,47.944
1.2313,0,0,0,0.90119,0,0,0,0.90119,47.963
1.2316,0,0,0,0.90108,0,0,0,0.90108,47.982
1.2319,0,0,0,0.90097,0,0,0,0.90097,48.001
1.2322,0,0,0,0.90086,0,0,0,0.90086,48.02
1.2325,0,0,0,0.90075,0,0,0,0.90075,48.039
1.2328,0,0,0,0.90065,0,0,0,0.90065,48.059
1.2331,0,0,0,0.90054,0,0,0,0.90054,48.078
1.2334,0,0,0,0.90043,0,0,0,0.90043,48.098
1.2337,0,0,0,0.90032,0,0,0,0.90032,48.117
1.234,0,0,0,0.90021,0,0,0,0.90021,48.137
1.2343,0,0,0,0.9001,0,0,0,0.9001,48.157
1.2346,0,0,0,0.89999,0,0,0,0.89999,48.177
1.2349,0,0,0,0.89988,0,0,0,0.89988,48.196
1.2352,0,0,0,0.89977,0,0,0,0.89977,48.216
1.2355,0,0,0,0.89966,0,0,0,0.89966,48.237
1.2358,0,0,0,0.89955,0,0,0,0.89955,48.257
1.2361,0,0,0,0.89944,0,0,0,0.89944,48.277
1.2364,0,0,0,0.89933,0,0,0,0.89933,48.297
1.2367,0,0,0,0.89922,0,0,0,0.89922,48.318
1.237,0,0,0,0.89911,0,0,0,0.89911,48.339
1.2373,0,0,0,0.89901,0,0,0,0.89901,48.359
1.2376,0,0,0,0.8989,0,0,0,0.8989,48.38
1.2379,0,0,0,0.89879,0,0,0,0.89879,48.401
1.2382,0,0,0,0.89868,0,0,0,0.89868,48.422
1.2385,0,0,0,0.89857,0,0,0,0.89857,48.443
1.2388,0,0,0,0.89846,0,0,0,0.89846,48.464
1.2391,0,0,0,0.89835,0,0,0,0.89835,48.485
1.2394,0,0,0,0.89824,0,0,0,0.89824,48.507
1.2397,0,0,0,0.89814,0,0,0,0.89814,48.528
1.24,0,0,0,0.89803,0,0,0,0.89803,48.549
1.2403,0,0,0,0.89792,0,0,0,0.89792,48.571
1.2406,0,0,0,0.89781,0,0,0,0.89781,48.593
1.2409,0,0,0,0.8977,0,0,0,0.8977,48.615
1.2412,0,0,0,0.89759,0,0,0,0.89759,48.637
1.2415,0,0,0,0.89748,0,0,0,0.89748,48.659
1.2418,0,0,0,0.89738,0,0,0,0.89738,48.681
1.2421,0,0,0,0.89727,0,0,0,0.89727,48.703
1.2424,0,0,0,0.89716,0,0,0,0.89716,48.725
1.2427,0,0,0,0.89705,0,0,0,0.89705,48.748
1.243,0,0,0,0.89694,0,0,0,0.89694,48.77
1.2433,0,0,0,0.89683,0,0,0,0.89683,48.793
1.2436,0,0,0,0.89673,0,0,0,0.89673,48.816
1.2439,0,0,0,0.89662,0,0,0,0.89662,48.839
1.2442,0,0,0,0.89651,0,0,0,0.89651,48.861
1.2445,0,0,0,0.8964,0,0,0,0.8964,48.885
1.2448,0,0,0,0.89629,0,0,0,0.89629,48.908
1.2451,0,0,0,0.89619,0,0,0,0.89619,48.931
1.2454,0,0,0,0.89608,0,0,0,0.89608,48.954
1.2457,0,0,0,0.89597,0,0,0,0.89597,48.978
1.246,0,0,0,0.89586,0,0,0,0.89586,49.002
1.2463,0,0,0,0.89575,0,0,0,0.89575,49.025
1.2466,0,0,0,0.89565,0,0,0,0.89565,49.049
1.2469,0,0,0,0.89554,0,0,0,0.89554,49.073
1.2472,0,0,0,0.89543,0,0,0,0.89543,49.097
1.2475,0,0,0,0.89532,0,0,0,0.89532,49.121
1.2478,0,0,0,0.89522,0,0,0,0.89522,49.146
1.2481,0,0,0,0.89511,0,0,0,0.89511,49.17
1.2484,0,0,0,0.895,0,0,0,0.895,49.194
1.2487,0,0,0,0.89489,0,0,0,0.89489,49.219
1.249,0,0,0,0.89479,0,0,0,0.89479,49.244
1.2493,0,0,0,0.89468,0,0,0,0.89468,49.269
1.2496,0,0,0,0.89457,0,0,0,0.89457,49.294
1.2499,0,0,0,0.89446,0,0,0,0.89446,49.319
1.2502,0,0,0,0.89436,0,0,0,0.89436,49.344
1.2505,0,0,0,0.89425,0,0,0,0.89425,49.369
1.2508,0,0,0,0.89414,0,0,0,0.89414,49.395
1.2511,0,0,0,0.89403,0,0,0,0.89403,49.42
1.2514,0,0,0,0.89393,0,0,0,0.89393,49.446
1.2517,0,0,0,0.89382,0,0,0,0.89382,49.472
1.252,0,0,0,0.89371,0,0,0,0.89371,49.498
1.2523,0,0,0,0.89361,0,0,0,0.89361,49.524
1.2526,0,0,0,0.8935,0,0,0,0.8935,49.55
1.2529,0,0,0,0.89339,0,0,0,0.89339,49.577
1.2532,0,0,0,0.89328,0,0,0,0.89328,49.603
1.2535,0,0,0,0.89318,0,0,0,0.89318,49.63
1.2538,0,0,0,0.89307,0,0,0,0.89307,49.656
1.2541,0,0,0,0.89296,0,0,0,0.89296,49.683
1.2544,0,0,0,0.89286,0,0,0,0.89286,49.71
1.2547,0,0,0,0.89275,0,0,0,0.89275,49.737
1.255,0,0,0,0.89264,0,0,0,0.89264,49.765
1.2553,0,0,0,0.89254,0,0,0,0.89254,49.792
1.2556,0,0,0,0.89243,0,0,0,0.89243,49.819
1.2559,0,0,0,0.89232,0,0,0,0.89232,49.847
1.2562,0,0,0,0.89222,0,0,0,0.89222,49.875
1.2565,0,0,0,0.89211,0,0,0,0.89211,49.903
1.2568,0,0,0,0.892,0,0,0,0.892,49.931
1.2571,0,0,0,0.8919,0,0,0,0.8919,49.959
1.2574,0,0,0,0.89179,0,0,0,0.89179,49.987
1.2577,0,0,0,0.89169,0,0,0,0.89169,50.016
1.258,0,0,0,0.89158,0,0,0,0.89158,50.044
1.2583,0,0,0,0.89147,0,0,0,0.89147,50.073
1.2586,0,0,0,0.89137,0,0,0,0.89137,50.102
1.2589,0,0,0,0.89126,0,0,0,0.89126,50.131
1.2592,0,0,0,0.89115,0,0,0,0.89115,50.16
1.2595,0,0,0,0.89105,0,0,0,0.89105,50.189
1.2598,0,0,0,0.89094,0,0,0,0.89094,50.219
1.2601,0,0,0,0.89084,0,0,0,0.89084,50.249
1.2604,0,0,0,0.89073,0,0,0,0.89073,50.278
1.2607,0,0,0,0.89062,0,0,0,0.89062,50.308
1.261,0,0,0,0.89052,0,0,0,0.89052,50.338
1.2613,0,0,0,0.89041,0,0,0,0.89041,50.368
1.2616,0,0,0,0.89031,0,0,0,0.89031,50.399
1.2619,0,0,0,0.8902,0,0,0,0.8902,50.429
1.2622,0,0,0,0.89009,0,0,0,0.89009,50.46
1.2625,0,0,0,0.88999,0,0,0,0.88999,50.491
1.2628,0,0,0,0.88988,0,0,0,0.88988,50.522
1.2631,0,0,0,0.88978,0,0,0,0.88978,50.553
1.2634,0,0,0,0.88967,0,0,0,0.88967,50.584
1.2637,0,0,0,0.88957,0,0,0,0.88957,50.616
1.264,0,0,0,0.88946,0,0,0,0.88946,50.647
1.2643,0,0,0,0.88935,0,0,0,0.88935,50.679
1.2646,0,0,0,0.88925,0,0,0,0.88925,50.711
1.2649,0,0,0,0.88914,0,0,0,0.88914,50.743
1.2652,0,0,0,0.88904,0,0,0,0.88904,50.775
1.2655,0,0,0,0.88893,0,0,0,0.88893,50.807
1.2658,0,0,0,0.88883,0,0,0,0.88883,50.84
1.2661,0,0,0,0.88872,0,0,0,0.88872,50.873
1.2664,0,0,0,0.88862,0,0,0,0.88862,50.906
1.2667,0,0,0,0.88851,0,0,0,0.88851,50.939
1.267,0,0,0,0.88841,0,0,0,0.88841,50.972
1.2673,0,0,0,0.8883,0,0,0,0.8883,51.005
1.2676,0,0,0,0.8882,0,0,0,0.8882,51.039
1.2679,0,0,0,0.88809,0,0,0,0.88809,51.073
1.2682,0,0,0,0.88799,0,0,0,0.88799,51.106
1.2685,0,0,0,0.88788,0,0,0,0.88788,51.141
1.2688,0,0,0,0.88778,0,0,0,0.88778,51.175
1.2691,0,0,0,0.88767,0,0,0,0.88767,51.209
1.2694,0,0,0,0.88757,0,0,0,0.88757,51.244
1.2697,0,0,0,0.88746,0,0,0,0.88746,51.279
1.27,0,0,0,0.88736,0,0,0,0.88736,51.314
1.2703,0,0,0,0.88725,0,0,0,0.88725,51.349
1.2706,0,0,0,0.88715,0,0,0,0.88715,51.384
1.2709,0,0,0,0.88704,0,0,0,0.88704,51.42
1.2712,0,0,0,0.88694,0,0,0,0.88694,51.455
1.2715,0,0,0,0.88683,0,0,0,0.88683,51.491
1.2718,0,0,0,0.88673,0,0,0,0.88673,51.527
1.2721,0,0,0,0.88662,0,0,0,0.88662,51.563
1.2724,0,0,0,0.88652,0,0,0,0.88652,51.6
1.2727,0,0,0,0.88641,0,0,0,0.88641,51.637
1.273,0,0,0,0.88631,0,0,0,0.88631,51.673
1.2733,0,0,0,0.88621,0,0,0,0.88621,51.71
1.2736,0,0,0,0.8861,0,0,0,0.8861,51.748
1.2739,0,0,0,0.886,0,0,0,0.886,51.785
1.2742,0,0,0,0.88589,0,0,0,0.88589,51.823
1.2745,0,0,0,0.88579,0,0,0,0.88579,51.86
1.2748,0,0,0,0.88568,0,0,0,0.88568,51.898
1.2751,0,0,0,0.88558,0,0,0,0.88558,51.937
1.2754,0,0,0,0.88548,0,0,0,0.88548,51.975
1.2757,0,0,0,0.88537,0,0,0,0.88537,52.014
1.276,0,0,0,0.88527,0,0,0,0.88527,52.052
1.2763,0,0,0,0.88516,0,0,0,0.88516,52.091
1.2766,0,0,0,0.88506,0,0,0,0.88506,52.131
1.2769,0,0,0,0.88496,0,0,0,0.88496,52.17
1.2772,0,0,0,0.88485,0,0,0,0.88485,52.21
1.2775,0,0,0,0.88475,0,0,0,0.88475,52.249
1.2778,0,0,0,0.88464,0,0,0,0.88464,52.29
1.2781,0,0,0,0.88454,0,0,0,0.88454,52.33
1.2784,0,0,0,0.88444,0,0,0,0.88444,52.37
1.2787,0,0,0,0.88433,0,0,0,0.88433,52.411
1.279,0,0,0,0.88423,0,0,0,0.88423,52.452
1.2793,0,0,0,0.88413,0,0,0,0.88413,52.493
1.2796,0,0,0,0.88402,0,0,0,0.88402,52.534
1.2799,0,0,0,0.88392,0,0,0,0.88392,52.576
1.2802,0,0,0,0.88381,0,0,0,0.88381,52.618
1.2805,0,0,0,0.88371,0,0,0,0.88371,52.66
1.2808,0,0,0,0.88361,0,0,0,0.88361,52.702
1.2811,0,0,0,0.8835,0,0,0,0.8835,52.744
1.2814,0,0,0,0.8834,0,0,0,0.8834,52.787
1.2817,0,0,0,0.8833,0,0,0,0.8833,52.83
1.282,0,0,0,0.88319,0,0,0,0.88319,52.873
1.2823,0,0,0,0.88309,0,0,0,0.88309,52.917
1.2826,0,0,0,0.88299,0,0,0,0.88299,52.96
1.2829,0,0,0,0.88288,0,0,0,0.88288,53.004
1.2832,0,0,0,0.88278,0,0,0,0.88278,53.048
1.2835,0,0,0,0.88268,0,0,0,0.88268,53.093
1.2838,0,0,0,0.88257,0,0,0,0.88257,53.137
1.2841,0,0,0,0.88247,0,0,0,0.88247,53.182
1.2844,0,0,0,0.88237,0,0,0,0.88237,53.227
1.2847,0,0,0,0.88227,0,0,0,0.88227,53.272
1.285,0,0,0,0.88216,0,0,0,0.88216,53.318
1.2853,0,0,0,0.88206,0,0,0,0.88206,53.364
1.2856,0,0,0,0.88196,0,0,0,0.88196,53.41
1.2859,0,0,0,0.88185,0,0,0,0.88185,53.456
1.2862,0,0,0,0.88175,0,0,0,0.88175,53.503
1.2865,0,0,0,0.88165,0,0,0,0.88165,53.55
1.2868,0,0,0,0.88154,0,0,0,0.88154,53.597
1.2871,0,0,0,0.88144,0,0,0,0.88144,53.644
1.2874,0,0,0,0.88134,0,0,0,0.88134,53.692
1.2877,0,0,0,0.88124,0,0,0,0.88124,53.739
1.288,0,0,0,0.88113,0,0,0,0.88113,53.788
1.2883,0,0,0,0.88103,0,0,0,0.88103,53.836
1.2886,0,0,0,0.88093,0,0,0,0.88093,53.885
1.2889,0,0,0,0.88083,0,0,0,0.88083,53.934
1.2892,0,0,0,0.88072,0,0,0,0.88072,53.983
1.2895,0,0,0,0.88062,0,0,0,0.88062,54.032
1.2898,0,0,0,0.88052,0,0,0,0.88052,54.082
1.2901,0,0,0,0.88042,0,0,0,0.88042,54.132
1.2904,0,0,0,0.88031,0,0,0,0.88031,54.182
1.2907,0,0,0,0.88021,0,0,0,0.88021,54.233
1.291,0,0,0,0.88011,0,0,0,0.88011,54.284
1.2913,0,0,0,0.88001,0,0,0,0.88001,54.335
1.2916,0,0,0,0.87991,0,0,0,0.87991,54.386
1.2919,0,0,0,0.8798,0,0,0,0.8798,54.438
1.2922,0,0,0,0.8797,0,0,0,0.8797,54.49
1.2925,0,0,0,0.8796,0,0,0,0.8796,54.542
1.2928,0,0,0,0.8795,0,0,0,0.8795,54.595
1.2931,0,0,0,0.87939,0,0,0,0.87939,54.648
1.2934,0,0,0,0.87929,0,0,0,0.87929,54.701
1.2937,0,0,0,0.87919,0,0,0,0.87919,54.755
1.294,0,0,0,0.87909,0,0,0,0.87909,54.809
1.2943,0,0,0,0.87899,0,0,0,0.87899,54.863
1.2946,0,0,0,0.87889,0,0,0,0.87889,54.917
1.2949,0,0,0,0.87878,0,0,0,0.87878,54.972
1.2952,0,0,0,0.87868,0,0,0,0.87868,55.027
1.2955,0,0,0,0.87858,0,0,0,0.87858,55.082
1.2958,0,0,0,0.87848,0,0,0,0.87848,55.138
1.2961,0,0,0,0.87838,0,0,0,0.87838,55.194
1.2964,0,0,0,0.87827,0,0,0,0.87827,55.25
1.2967,0,0,0,0.87817,0,0,0,0.87817,55.307
1.297,0,0,0,0.87807,0,0,0,0.87807,55.364
1.2973,0,0,0,0.87797,0,0,0,0.87797,55.421
1.2976,0,0,0,0.87787,0,0,0,0.87787,55.479
1.2979,0,0,0,0.87777,0,0,0,0.87777,55.537
1.2982,0,0,0,0.87767,0,0,0,0.87767,55.595
1.2985,0,0,0,0.87756,0,0,0,0.87756,55.653
1.2988,0,0,0,0.87746,0,0,0,0.87746,55.712
1.2991,0,0,0,0.87736,0,0,0,0.87736,55.772
1.2994,0,0,0,0.87726,0,0,0,0.87726,55.831
1.2997,0,0,0,0.87716,0,0,0,0.87716,55.891
